VOIIIIEIJII. XXIX

gibna Francorum a 01111111 clodoveum ei 1111111 sequentibus
negiinnn“ 111. 1111 1111111111111 sinin 111111. 111 0111111111
1111111111 1111111, 1111111111111111111111 111 anm 111111350
11111111, 11 111111111 111111111111111.111311111111111111-
1111111. 1111 111 Β 1111111 1111111 11111111111111111111111 11111,
1161111111111111 110111111111 anagnina gan'a 1111 1111111111
111111, 1111111111 111111, ,1111111111111111 111111111 bisen-nien,
111 0111111111 111 11111111 11111111111111111 1111111111, oden
nnn 111 1111111111 1111111.1 Sinden p. XXII 11. 111 1111 1111111111
nnaannnnensieiinng gegeben isi. · 111111111111 11101111. 111111 app„
1111111 in andern 111. 11111 11111 (111 1111111111111111114,
165 n. 2, zusammen 11111111111111 3111111. iso-190). 01111
11111111 1111 1111111111 111 spateae 1111111, 111111111111111-
111111 1351111 1358 1111111111 1111 innuen (11111 iv 111111
111111111111111, 1111111 111111111111111111 0111111111, i·
1358111130, 1111111 111111 1111111111 11111), 11111111 111111
1111111111 11111 11111111 1111111 1111111111 111111111111111111
111111, 11 111111 11111111 111111 1111 1353 111111111111ς 1111 1111
111 11111111111111111 1111111111 111111111113 111 genealogianinen
angaInen 111 1111111111. inn einzelnen 111111111111111 0111111111,
111111 11 1111111111 1111111, 1111111111111111111111111111111111
31111111111111. 111111111111 111 111111111111, 11111 1111111-
neren enrnnii, 11111 0111111111, 1111111111 gestitat 111111111111
einen sennense, 111 111111111 11111111 1111111111111. - 1111
0111111111 111111111111111, 1111 1111111, 11111 1111 11 3111111 11
munimiae auibewahnie-‚ 111 1111 1111111, 11 111111 1111111-
11111 111111. -11111111111111111, 111111111 1111 1111111111 11111
genesen 1111. 0111 11111 111111 11111 11111111111111111111 111
1111111 hainen 111111111, beiden 111111 11111 11111111111111111-
meninnn 111011111111, 11111 111111 1111111111111111111111111
1111371 (11111111111111111 1378), 1111111 1111 1111111111-
111111 1111111111 teigne, 11111 11111, 111 111 mii ,1 gamain 11111. -
nennegegenen 111 111111111111 111 Magistri Aihenti‘iirgeniinansia
fragmentum 1111111111111111111111111111 111 tempora, 11 111,
annnnn dominicae incarnationis 1349, 111111011111111(8111111111- ’
men ·I· 1523) 111 11111131 11 1111111111111,·1111111111111 1111111
. 111 11 0111111111 010111111111 111111111111111111111. 111111. 1553
111 p. noa-aionien 11111111111111 111 11111111 1601 111 111
1111111111 weggeiassen). 01 111 111111111 111111 111111 anagnie,
1111111 1111111 111 gana eniaieiien 1111111111111111111111 111-
aina, gana ani 11111111111111111101111111111 111111 111111-

 

