. 1101111011. XXX!

Burhtw episcopi 111111111111. 0111111111 11111111112001,
wo error 111 1111111110 11111111, 111111 1335 Ludwig 111
11111111 01111111 xn 11111111, 111 11111 111111111111 11 1111111111
Er 11111111 in 111111 consistorio (111. 0), 111 interfui, per
1111111111 11 narrar 111. 1338 1111111111 11111 111111 111
mora 31111111ι11811111111 11 111 11111 11111 111111 111
16.111111111111111111111 111111 11111111 1111111111 111 111111
111 111111111111111 11 1111111111, 11111111 111 birrho! 11 11111-
arrum 1111111111 11111111, vom kaiser 111 11111111 ru 1111111-
111 (1. 213, 111. 223). 1111111111 11111111 111111 111 arronii
111111 1111 111 versarer 11111 1111111 11111111111 1111111111
1111 1111111. 11111. 111. 1111111131 111. 1111. schoepflin
Ala. 1111. 2, 181 1111111111 111111 1111111111 1111111111111111
111 81111111 111 1111 1111111 ι11 St. 1111111 11111111 11111111
11111111 11 1111111111 1111111 birrho! 1111111111111111111111.
11111111 11111111, welche 11111 111111111 111 11111111181111-
11111 rom 23. 111. 137011111 1111111111111111 111 1111111111
1111111111 0111111111 111 1111111111 111 8111111111 ι1111111
1111111, 111111 1111 11111 1111111111111111, 11111 111
meister 1111111 1111111 111, 1111ι1111111111 111111111111111111
(10111111 concor 111. 1111. 1. 112), worm 1111, 11111111 sinder

11111111 1111111 111, 1111111111111111111 11111111 111111 11111
11111 1111111111 1111111111 11111111 111 11111111111111111111111
1111111111. - 11 111111 1111111111111 1111ι11111111111 111111·

1111111111111 werden: von 1111111 111 11111111 111 111 11111111
111 1111111 11111111 x11 111. 1334 (1. 140-201) , ι11 1331-
1346 (1. 204-231) 111 111 1346-1050 (1. 231-276). Dor
11111 11111, 111 11111111111111111111 regium aber 111 11 111111
11111111111111111, 11111111 1111111111111111 1111111111 111-
1111 1111111111111 11111111, 1111111111111· 1111111111 111 1111-
roten, 111111111ι11111111111111111 11111111, 11 111 rege! 1111
111111 1111111111, 111111 11111111111111 ordnung. 11111111 11-
11111111 ι11 1111111111 11111111 werden hier 11111111 111111-
11111111 11111111 11 1111111111 111 1111111111 111 1111111111 (1. 153
1111-155), 111111111111111 scires 1111111 11111 1111111111 111

0111111111 111111 1111111 nugo (1. 185. 100-1941. 201), 111 ’

geschichte 111 111111 Eberhard ι111111111, 111 11111111 111111
111 1111111113111111 11111111 111 (1. 190-193. 199), ι11-
1111111 1111111 1111111111111 11111111 111 111111111 111111 111
11111, 111 11111111 in 111111 stadt (1. 1511. 157-164. 170.

1754801811. 195. 108, 1111 11111111111111111 1111111 111111 ’

 

