vonhssue. 111111

1110110 01011000 11010110101000000 100 1001000110 (unc nobile
10100 1110111000 01 1110010, wie 110 101 011111οι0 01011001 101000)
0011111100 die 1011100 1080-1255; 101101 1010101010001 0001
001001 0100000 angebo ,1001100101010010 per 000101001010010
100101010 medicine 01 scripte, Ιο quale 00 appello m. 00101100,
100010 00’ 11110 0011 10 0010110100 1001130010 0001101011, 110110
indie 1011 110011οι 11111389-1404) 1010100, 1101001 01010001 00111-
0110110 110 geschichte 1011111111 1101480. 11100010 10110 Tuccia,
0101100101οη0, 00110100 1400 001. 11, 101100, 00011001 01000101
cheniche die 001111100 10010010110110, 10000110 01101100 001 0010
10 0010110110 gere-meir, 10100 001101010000001406 001 101110 010
1011 hie 1813. 110 100 0110011100 100 1110100100 11 1111101, 100
01011001 10 0010110110 001 100 11100010 delle Tuccia (0100 010011111
101 01100111 dee 1011100 101 1111100100 museum 10110110101101101
110111101000.-9, 492) licere 0101 00110010101101 100 wer-ir 100
110111101100 0101010110101110110 1010101100; 1000 0001111001, 10100-
11111 010011 101 1111110100 01101 0110010100 1013001, 100 1001111011οι
011110111, 01110101 1001 1111111101 0111100000011101100 11101010, 010
herceis, 1001 01011100001100 110010 0101 01101011 umgeeiaiteren.
111111ιο noch 110 110ςο ιο 01011010, 01100111101100 00100100
101110000010110011 1080, 0101110111001 1160, 00 00110110ᾶί0
111, 0101 oh 00 1101113101, 11000 Burei 1101001111 010100101011010-
desim 10 gran 01110 0000000ιο 011, , 010 10111 000 patrie 0011110
0011111011000 0011111010 ’11ςο001. 101 01110110 10100000 101010100
1010011010. 111Ιο111030 00001 auch unser 01100101 p. 691 011 705
100 0011111010 viterbiense, 00101 1010 11011 101 1101100010 01100111
011 01001100 1110111010 1 10 1101010100 101. 111010· en der 010101 “
010110 1010101001 01 110 001110101100001101 100011111ου1 101 00110
11080011, 00 101 10011001110310110 1001001011 01011111010 0
11 1100110110, welches 01101, 00 wie 00 110101011, 1001 ιιοι
100 1011101010 101111101 1000, 1010 1001001100 0101001000 01111101
werden, 110 langenrich 0011111010 101010110100. Uehrigerrs 10111011
011000011011101, 1000 0101011100 10 110001 01101111 0010031101 100
010001 101100000000, 110100011101100 101, 101111100 1100, Ι0001010
100 werke 100001100100111000000011101101 0100011131 101. 110
1010100 1οι0 00110010101101 00100 11011101101100100001110110 001
101 11100100 Friedrich 1 001 1101οι101 vi eingeschohene kaiser
1011100001), 3011100 aher p. 606 1. 1101011011000 101 10110-
10000 100 viterbo (1010001031031101011011001 = viterbo) 1011
11100 11100 3010101100 101011 001 p. 7201. 110 0100011011ἰο
1011100 101000101101111011101011, 11010111011003 100 00110100 000
1111, 110 gerungerrnchmung 100 11010011, 100000 0000110013 10111οι0

 

