vonnssnss. xxxin

0001 100 1011100 8100001003 1000010οε 10 100 0001003001, 00 1000
wir 0001 1100000 00101000 10110000 0101110100100 0001000οο 0011100·
0001110000. 110 0001111 p. 249 1101001100300 100 11001010 1100-

, 11011000 8100001003, um 110 00001000003 110010 {v im 1110000 00
10010100, 001010110000 1001100101 1010101010 30011100 00010010,
. 1010100 00301100 insigniis, 101000 00000000 0000000 10 000110 00
, pomum 01 sceptrum 10 00001100; 00 001111001 p. 262-264 0103001001

100 0001001100 100 8100010300 101 100101000001013003000 1349
001110 101000100000100010 revolution, 010 p. 265-267 110 00-
10011 100 30100Ιο0 10 8100001003 001 1101001100011000111000 100-
11300 001001101100; 00 101 000001000100, 1000 100 1000110000 010
0030000030 00100111. 11000 p. 249-252 0001 110 00031030 10

³ 110001 00110001 100 001001101100110010111 100100. 1347 001010-

* 10111101 30001111001000100, 00 0011101 0101 1100101011100000, 1000
0001-100 1100101 von 8100001003100100000001 000, von dem 100

000100000, 0000 00 01011 01000 001101 10 0010000 3010130 0001010101 . ,

011000 00111101100300 00101100 100010. 11100 1100 000 dem 011300001-
000 0100010100 100 000100 0000111011 warde, 1000 100 30100000 11011
100 0100011’0001 0100011010 10030 0001100 01013010000, 100 101010110
10100 1346-1350 00100000100100101111103030010οι 31010100113
01010030001010100 000100 001, 100 0010110001 010001000010110000010,

110 01010100000001010100000001100010100, 1001111131. Das capitol ,

1100 100 1001310100 000 1000300100 p. 151, 000011 1001 100 001003
100 0001000, 00010 001001001343001 1355 3000110100, 10 00

0 101001, 1000110 1000181011100 0100 abnepotes hodie detinent 0100
. 1110; 1000101000 0000101 101013 001 Friedrich 3010031οο 1343 zur

0031000003 001 1000001100 gemeinschaftlich 1101355, wo 00010000
01001. 1001 157,1 00010 01011 vor 1343 3000100100, wo 1101001
0001100001 01001 001 100000 0010103000010 1010000 ihm 101310.
Weun 00 p. 178 101001, Walter 000 8001001001, 01000 100 1100100
1111000110 1, 001 35 10100 001100 300100100, 00 30100300 wir 0100-
10110 0001301000 zum 10100 1343 0100 0000 0100000 1031001οτ
,1101000100 00 011100, 110 1344. Dio 1000001003 010010001101, 110
1001100 0111000110 10010 101101301011004010100 1003 010 0011300

10100 30101001, 01010 001 1350 00301110 1100001000, 00000 100 000- ·

100000 von 100 30101003 000 1110130101100 00 3000010001 11110;
011110 00 0100 von 100 0000001003 100 100130 00, 00 110010 dieser
11011 um 1348 300010101οο 0010. Lemures 101 0001100 000011300
01101103000100100 00100010101101000, 10 man 0110110 01000100 0001
eum 1011000 0011 110110011000003100 000100 1101100 0000100000,
0100 1001010 1347. 11000 0000 p. 181 000 dem 000110 100 000-

 

