1106111116. XL!

rurrg 1654 661. 2122. 61666 66116166 661666, 11616161 666661616 ’
6666116 6616166666 6611666166 166666 66166616, 1661116 6116166161
611; 16116666 6666666 161 661 166 616166 66166666 161166 66-
’ richer, 6666611166 6661161666, 66 616111161161 616166 66166666
166 6116661 6616166.
20. 16666616 66111161 116 116116161611 Chronica praeculum
' sprrcurs 666616. -1464 (crte). 6. 661-661. 161166
6611161 666 6666161611 66111161 166 666161 661 6666 11661166
66666. 161 61666116 66 666161 1, 6, ’661 166 166 116 6166661666
· remise, 616 6666 1661466166. 12161616166666 11166666 6611161,
6161616666 66116116161611, 616616161 1431 61616166111666166161,
6611611616 1661616 16616 lang 116 616116 6166616611661616 666161
66161616 1472 661. 16. - 111 161166616 661 1166661 166 11661616
11611166 166 1166161666 (1464-1486) 6166 geschichte der 61666116
166 666161 616 661166 666666166 6166661 661661, mit 166666 61-
166666 166 11611, wic rrrcrr 666 166 6666116166 6666166666 166
1611666616 16 161 6666166 166 66661666616 61661, 61166661 666611666,
661666 wohl cuch 116 66116 6661116161166666166 61. 66161666-
,schor 1466 616 66116161 166616 66 6611666166 161, 666661 616 16
61166666. 6166 116161, 66166 666616661166 116166 116 61166166 166
1666111166, 6666611616 wohl 6661 6111616616116166 16161666116166
666161, 1161161611 16666166, welches 11666 66116666 0661166666611666
cher-189 666 1616 1616666666 16661661616116116166 161 166166-
666116 66 661161666 hcrrrrcgcgehcrr 661. 11666 wic 6666611666
66616111 661, 1161616166 16 1616616611661111616 61661 61666161
1116616 616 661166 6166661116116166 16661661 6661 geechriehcnc
166166116611 1116661666, 6661611166 6161 6661 116 16111666 6661166
166611616661 6616161666161661661666666666. 1161161 6161 6616661-
161 1666611666, 666661616161166 61661661611616661666666666
66116 66166166161 666166111166 6116616661. 66661166 6661166 61161-
= 161 661166 6661161, 1666 161116 geschichte 166 61661616161666
(1690-1104), welche erre dem 616 6616 166 13. 161166616116 66-
66111666666 66616166666166 6111166 666161, dem 66666666166 codex
61661, 11661662, 152 1. 6666116611 161, 166166111166 6616666166166ςΙ
161 1611116661 661661 611111 616 61666666 p. 328 116 gertr Francorum,
6166166 1161161666 (1161116116 1616666) 61 6616166 chronicae 616
6661166. 1116 6666661666 666661611116166 1666161666166 1661116616
66161666 chen 6166161666 66116666 66 6616, 16 61 c. B. 6. 339 re·
16661661 661 1661 6661166 116666666161611166161 111 661 166 11616 “

Ludwig 666666116166 6166611 werden 11661. - 11616666666666
66116 11666 6616611 666161 16161 1. 6. 666611 661666 histor. medii

 

