1111111. · xxxv

11111111 nemag 11111111 (111. (111111, 111111. 11111. p. 28011-
111111111. 111111111 1111 p. 214 1111 1111111 Stephon 1111111111,
1111111111 1111111111 1111111111 111 1111111111 1111111111, 11
1111 men 1111111111111111 111 11111111111111 111111 1111111 1111
. 1359 111111, 111111111111111 111111 111111111. 111 11111111 111
1111 1111 p. 248 bei 1111111111 0111111111 111 111 1111111111 ge-
11111, 111 viel 111111 1111111111, 1111111111111111111 111 herzog
811111111111 1311111. 15 111111,111111“ 11111. 1111111111.
3, 217. nesea 11111111 1111 11111111 1111111111 enge, 1111111
1111111 111111 1348-1350 11 Α 1111 111111 11111 111 1111111111
11111111111111111 11111 1111111111111 11111111111111111111111
, 11111, 1111111111 11111111 1111111111. 1111111111111111111111
1111111111 111111111111 111 11111111 1111 111111111111111111 11111-
11111 111 (111111 1310111. 2 p. 2⁷4 n. 4 11111 1111 11111 1111111
11 tege, 1111 111 1111111111 111 111111 11111351 1111111111, 1111-
1111111 dienen 111111 111 11111111 111111111111111111111111 ge-
1111111111. 11111111111111 1111111111 111 11111111111 1111111111,
111111 1111111 8111111. 11111 11111111 1111111111 111111 111 11111-
11111 1111111111 111111111111111 111 111111 111 11111111 11 811111-
1111 11111111111111, 11111111 11111111111111 1111111 (1.260-273)
111 111 111111 111 111111111 11111111111111, 1111111111 811111ς nun
111 111111 p. 26⁷ n.2 11111111 111111. 11111111111111111, 1111 111
den 111111111111 111 11111111 1111111 1111111111 1111 1111111111
1111 11111 8111111111 811111 1111111111. 1111111111 11111111 11111
11111111 1111 11111111111311111111 111 1111, de p. 170111 linteo
11111111 (1 1356)· 111 (111111111111111111 11154111.) 1111 111
111111 111111111111. 11111111 111111 11111111111111. 11311. 1,
1111 11111 IV den 111111 Philipps vl 111 1111111111 1111111111-
11116 11111111111, 111111111111111 nur neinbennimmung 1111111111.
1111111111 lv noch nex 1111111111 111111, 1111111111 1111111111 1315
111. 5 1111111111. 111111 1111111111111111 doeh 1111 1355 111. 16
’ (naen 111. 111 1111111 1111111 1111111111. 5, 451) 1111111111.
1111111111 11111 1111111 1111 111111111111111 111111111 11111111111
1111111.- Eine pmfnng 111 111111111111111 111111 1111111 111
einzelnen 1111111 1111 1111111 1111111. 111 dem 11111111111111111
111 11111111111111111111111111111 11111111111111 111111, 1111
11111111 1111111111 die 1111 11111111 1111 111111 1111111111 111-
11111, 11111 111111111111111111111 11111111 11111111111111 die 111-
1111111 11111, 11111111111111111111111 1111111111 111 1111111
1111. 11111 1111111111111 111 nugenneugen manche 111111111111
1111111111 111111111111111111, vender 111111 111 1111111111 11111

 

