11111111 volumus.

Beitrflge zur 11111111111111 (1111111) 1111111.4,159-170 111 111
11. 11111111 11111. 1111111 11111111111111 11111111. 11111. 11111111-
1111111, 1866 p. 8-10). Es 111111111111 111111111111111111
1111111 111111111111, 111 111 11111111111111111111 111 1111111111
1111, 11111, 1111 111 1111111111 1111111111 1111111 1111 11111, 111
11111. 111111 111 11111111 11111111.ί 1111111111111111 111111 11111
1111111111111111111113 lingere 1111 11111111 1111111111, 1111111111
11111, 111 11111 811111 111 11111111 11111, 1111111111 1111111111 111
1111111111, 111 111 11111111 111 11111111111111 111 8111111111 111
1111111 11111111111111 1111111 1111 311111 11111. 111111 1111111111
12991. Der 111111 11111, 111 111 111111 111111111111111 11111
1111111111111 111111111 111 1111111 Clemens gegen Lndwig 111
1111111, 1111 1334111 111111 134611111111, 1111111111111111111
1111111111111, 11 111 111111111 111111 11111111 111111111 1111111.
1111111 1111111111 1111111111111 1111111111 111111 11111 1111111111

, 11111, 111111 111 11111111, 1111111 11 111 1111111111 1111111111

1111111111111 1345 (- p. 218) 111111111 111, wieder 11111111ῐεί11
111 1335 111, 11111111 8111111111 111 11111111111, 111 11111113-
1111111 111 111111111111111111 1111111111 111111 111111 1111111-
1111111111111111111 111 111111111111111 111 1111111 1111111111 111-
lagu auch 1111111111 111111 beiden 11111111111111 1111111111οά1
1111111 1111111111111111111111111. Wir 1111111 11111 wohl 1111
111111111111111111, 1111111111 111111 11111 111111111111111111111
11111111111111111111. 1111111111 111111 1111111111 11111111 111111,

ι 11111111 1316--1350 111111111111111. Die 11111111ςί11 strong

chronologiam, 11 1111111111111, 111 11111111 111 1111111113 11111-
11111111111111111111 11 111 1111111111111111111, 11111111111111

’ 1111 1111111111 1111111111111 1111111, ’11111 111111111111111

1111111111 11 11111111 11111 reign, 1111 111 11111111111111111

gleichzeitig niedergosohrieben 11111.. 1111 11 1111111111111 11111

1) Wenn 11111, 1111111111111 dem 11111011111111 eingosuhrten 11-
1111 11111111 11111111111111, 111 1111111111 11111111 11111111 1111111111
111 1111111111111111111111111 11 1111111111 111111, 11 muns 1111111111
werden, dass, 11111 111 111111111111111111.11111111111111111 1111111
11111111 111 1111111111, 111111 1111111111 sehon 1111111 13. 11111111-

111111111111111111111111111111. 11111 1111111. 111111. 11 1111111 1111111 ,

1111111 111 11111111111 1111111 1111111111, 1111 11111 1111111111 11 111

1111111111111111,1111 11111 8111111 p. 1111111111 11111111111111 111,
1111111 111 11111111 1111131111111111, weil 11 11111111111111,1111111
111111 11111111, 111111 11 wie in den 1111111 11111111 11111111111111111
. 1111 11111111 1111111111 111111. 1111111111 1111111111 1111111111, wie
G. Droysen 1111111111 1. 3111111111 11 111 1111111131 11 1111111 S. 57
1111111,111 1111111111, 111 1111 11111111111111111111111 1111111111

11111111 11111.

 

