1111111 1011111111.

1111111 111 fragmentum 1111111111 1111111 11111111 111 1111111. 2,
74-93), 111 1111111 111 1111111111 111111111111 111 111111111-
1111. 1111.11111113,ΧΧ1111111 1111111111 Dus Chroniuou 1111-
1111111 1111111111 111611. 11,134-139. 11111111111111 quuiuer
111111 111111 1111111111111111111111 1111111111 1111111111111-
burg, eligendum 11 Romanorum regem, 11 sequenti opuseulu 1111111,
1111111111 111 11111111 111111111 11. 111-151, deueu 1111111111
1111 11111 genennt 111. 11111111111111111 1111 A, 1111111111111
1111111111111111111111111111111 Ας 11111111111111111, dues es
11111 1350 1111111111111111 1111374111111. 11111 111 geschichte
111 1350 111111 1111 11 A 1111111- 31111111 111 11111111 1111111,
wie iu der 1111 11111111 1111 111 11111181111111111 111 1111111
11 Gelu (Fontes 4, 1621. 2; 163 1. 3) 111 1111 11 1111111111
1111111 1348-1350 p. 260-276. „Deru 1111111 1111 1111111111
11111111 11111111111111111, ergduuungeu 111 numen, 1111111111, ’11-
111, 111 111111111111111111111111111111 11111111111111111111111111
1111111111, 111111 1111 111111111111 1111 1111 11111111 1111111111
1111131 31111.ιι ,111111111111 111131 111 111111 111. 11111 111-

’ , 11111111111111111111111111111111111111111111111111.111111-

1111111 111 111111111111 11111111111111, 111111111111111111111 111
1111111111111111 111 111111 11 Β 111111, 111111 1111111111111
1111111111111111 111 teuteus 11 Β 1111 11111111 sein 1111111111·
p. XII-XIV, 111111 1111111111 111111111111111 11111111111111111
11111 11111 gemacht 111). 1111111111111111111111 Α 1111 1111111111
111 1111111111111, 111 11 Β 1111 111111 111 1111111111111 111 11-
1111131111 111111 1111, 11 1111 undere 111. 111 11111 (1111111111-
11111111 111 Studer p. XIV 1.). 111 111 1111111 111111111111111.
55 1-621 De 1111111111 11 1111111111, 11111111111111111111, 111
dem 11111111116011161 111 1111111111111111111111 111. 1111111-
11111111 11111111 1111111111-1111111111 1111 111 111111 111 111111-
111111 111111111111 1111111111 (11111111 11 1111111 Thesaurus 111.
1111111. 3, 1125 11.), 1111111 die endstehuug 111111111111111
11111111111111111111 1111111111 11111111, 1111111111111111111111111,
1111 111 111111111111111, 11111111111111111 111 11. 11. us-uea
111 111111111111111111111111111 111, ersten 11111111 dieser 11. 111-
111111111 111111111111 111 1111111111 1118111111111 111 111 111-
11111111111111111 111Β111111111111 1375 111111, 111 1111111111 1111-
uuerden 11111111 11111 111 1111111111 (965-991) Fontes 3,1-4
1111111111 111. 11111111111111 11111111111111111 111 111111111-
111111111111111111111, 1111111 1111 11 Α deden, 1111111 1111111
111 111111111111 (1 1420); 1111 111111 seire 111111111 111111 uie

 

