vonflnnss. xiix

11111111111111111111, p. 402 Aventius 111111. Boiorum, p. 404
1111111 111 0111111311 111 11111111 p. 468 errrlllrnlo ,1111111111
11 episeopis 11131111111 111 01113 1111111111 111111111, 3111111
Pleno, 11111111 111 1111111111111111111, 111 1498113. 5 11111111-
111111111111111 11111, p. 405 111111131111111 obbatis 011111111-
111111 (111 rerer 11111 111111101111111 11111111 clarevall. 11111
SS. Boll. 20113. lv. p. 348), p. 400 111406 011111111 11311-
11111, 11311111 11113. 402111404 11111111. 111111111111111
111111 1111111 1111111111 1111111111311 1111111, 11 11313111 rom
1111111 13111111111111 1111111111 1111111111 111111111111 onor
111111111 1111111111113111 kirchen 111 rapollen, 11111111-
11111111311111111111311 quellen 111111111; 11 111 11111113061111
1322 1111 111111111111111111. 1111111111 11131111111111. osone
111111113111113111111111111111 111 11111111 1338-1356. For
11111111 1111111111 1111111111 11111111111311, 1111111 11111113111111
3111111113 11111 1111111111111111111 31111111 worden 11111111111
11111 1111111111311111, 1111 111111111111 1111111131111131111131111
11111111111111, 1111111 1111 11111111111111, wie 111 11111113
1111111111-11111111. 111 111 1113Ιοί11113 mil 01111111 111311,
11111111 1131111111111. Ν1111111111111111111111111111111 sigone
1111111 31111111 111 111 11110111111111 1111111111311 1111111 31-
gereon 11111, 111111 1111111111 111131111 111111111111113113
11111111 1349 p. 4151. der 1111 111. 0111111311 11111 111111 1111111
11111111 135611, 1111 111311 111 1111 1111 1111111111 11111111-
111311 11111 1111111111111111111 oder 1111113131111111111311111111-
111111 1111111111 311111, 11111 11111 p. 419 f. 11111111111 11
111111 111 111 111111 eines 111111111111101111111111111111111 (qni-

111111111111 onie 11111 neolone p. 420 od 1. 1411) 111 donn ’

1111 des 15. 1111111111111111111111 111111111111 1131111111. werden.
S. 423-427 11111 111 Descriptio belli 01111111 (1504) 11 1111111
leole worlliolr 1131111111 3 p. 4271. 111111 1111 111111111111 11111
11111111111311. 11111111111111111111111 mil seinor 311111 1524
111 111113113 31311 1111111 111111111113 1111111 11 seditionibus
onnia 1111111 deorsum 1111111111. - Von dieser 1111111 1111111
1111111111. 111111 111111111111 111111111111111 1111111111 Nr. 18
(11111111 111 Archiv 1113111111111011111111111111. 11111 111131
1, 3311 l. 111 01111111111111111111111 11 1113111111111 11-
11111111), 1111111111, 111111 111 1111111111111111111111111111-·
11111, 111 1111 11111 3111311 11111111113111 11111 01. 111111 11111-

111111111111 11 111 1111111111 113131111 worden. Eine 111111 11.
1211111114. pop. 111 3111111111 Sohlosser'sohe 1111111111, 11111111

 

