VORREDE. xxvn

155 15551151 1155115155, 5155115 1378 ; 551. 1155511551155 155115
6, 171. 1551 1511155155 15151515151 551 1551511111151151 5551
155 155115 155 Gen. 2, 105 155 nne. 515555551555515 15515151-
115155.55555 5555515155 1155115155 5511 155 155555155 155 1155155·
55155(1)551 155 11151551515555155 codex. - Eine 15111515. (W)
1515151 5151 551 155 Wiener 1511111151151 11515. 238 15151 578
(85155511555 1, 289) 40 555555. 15 5555111551 515555 551 555-
5555551 5555151515555 1155115515 1515555. 11155555 15151 55515151
551 11, 70 155 5555555515 155155 15555155 155 1155115155 555 880
511551555555555511555515 5551 5111555 01115555 51111), 155 5551
15 Α 555555551555115551555511. 1115151515115111551155-
5555 555 51555115555511151115551 155 55155 05511155 551555 5111555
55555515155115155515555 1151511515 nominem de 115151555, 51151-
1555 15 1155555555 regen, patebit 555155. Nun 5151111. 87 5155
555 51511 115155 55115155 nesse: Hie 1155555 1155555155 - 05555-
15155, 5555551 5551151155 555555 5155511 151515 115151155 nomen 15
11151555 ex antiquie 515. 11551 155 einzelnen 5515151 155 1551555
W 5511 A 155 555551115155115551555511551555, 55555 5555 555 51555
55115 515551155151155155 155555155, 115 151 51555 5111555 5151511555
155 15555 11111515 81151111 15 11155 55515515 (551. 5. B. 1155155 4, .
180. 185. 187. 188. 189. 201206), 551 155 55555 51555 5511555
515155 1551. 115 15115155 51511 5555155515151151, 155511 5551151155
551 Δ nenne. 0551 15111 51551515515551555115111155551511155,
11515155555 555155 nnn 5551 5511155 5555515 (1555151555 51151- ·
5555. 1551515155 5155151115 555 1350 55, 155151555111551151 151,
55151 W 551111 555 5515 555515 11555155115555555. 11551 W. 1151551115
5511555 5111151555 finden einh 15 11 11. 125551 12655551 515-
55155 1555151151515505511555115 115 5. 282 5.5 5555555 55555155
1555 15151 5155 nonin 1155 51555 511555, 155 5515115555555 115
11115555 55115515 111515555551155-1551551 5515155155, 1155551 1115
511555 1555555155 5555 555155 551 5. 11358 15555555 5511511
51555 1555155 151155555111155115155,15155, 0115 555 55151115 55-
555555-155515551 15555115; 11. 12111 De 555515 11. 151155551555
5551115515555111555511515 11555 11. 15 1. 5. 1353 -11155 15155151·;
. 1555 155 555555 155 15511555 555 8155551555 1277 [Fontes 3, 117),
1555 11. 127 555 115111. Neon. (5. 165-167)1155551151555515

115155 1151511, 1155551 11. 1285 15155 155 11551515151555 555 ο ·

strasburg: 11555 15155555 5555515155 - 15555 Renum (1155155 3,
118), 11. 1281551315 1151555511 551 1321 551155111511155·
115555, 1555 1322 51515155 555 8155551555 551 55515515555 555
815555155511551553,11711.) 115 1338551 11. 130, 1555 515

 

