445 111111 11111111.

berger„ der 81111111111111 18 1., 111 1111 161111
1111111121.

Anno 1537 11111111 alle 11111111 wieder 1111 111 gieng
111111111111111111111111111 1111 11111111, 11111111 1111
Und 111111 1111121 11111111 111111111111111, 1111111111
1111131.; 3111111111111111111 1 1. 1111111111 1181111111
waren die 1111111111111 11111 1111 11111111, 1111111
1111111 111111 111 [1111111111111 und 11111111 1111 1111111111 1111
unser Frawen 1111111111, 11111111 Paulus.

1111 15381111 111 1111 111 1111111111111 1111181111
1111111161, 11111111 11811111111111111 191, 11111111
21 1. [11111111 1111111 11111111111111111111 11111111
11111 1111111 1111 11111111 1111 1111111 1111111111, 11111·-

1111111111111111111.111ῗὲ11111
hard 111111 gemacht.

11111 1539 1111111111111111111111111111111 gut 111111·
111111 11111, 1111 gal! das 1111 1 1. 11111111111111111111-
1111 1111111111 1111111111111111 1111111111 1111 1111111111
1111111111. und 111. 111 11111111 111131, 1111111 11111.
11111111111111111111111111 111, 1111 11 0. 111 121. 111
1311111111. 1111 11111111150111111111111 1111111 ³
1111111121.111111111 11.41.11111112ρ1111111011;
1111 11111111 1111111111111111. 111 111 1111111111, 1111111111
1111111111111111111171.81111111111111111111111111111111
81111111111111111111111111111111111111111111
11111111 111 dem 111111,Ρ11111 1111111, 111 1111811111
1111 anderen 11111111 1111111111 111111 111 111111 gemacht.
111 11111111, 1111111111 slum3 1111111 111111 111 11111111
3 1111111 mg 1111111111111 111 1111 berg all 11111 und schlug
111111111111111111111 boden 1111, 1111111111111111111 ;
11111111 1111, 11111 1111111111111111. 1111111111 1111111 1
11111 11111111 1111111.

Anno 1540 gall 111 111111,111111111161,111
1111111 1 ss. 81 11111111 111 gut 1111 1111111111 11111111 sehr

11111· 111 11111111111115-..1 3111111141 11111111
1111111111 111 1111111111.

1111111141 1111111111111111111111111111111111111
100 11111141111;111111111111111 11111111· ruben 1211111.
411111116111111, 11111 111 111111 ambobus 111 111111

 

