¹
1

702 10000000101100010. ’
'L 1010 00001010 100110 vigne di 10010, 0 01011010 10 001000 101101
11. Ρο1 00 0’ 001010 011110000000 0 promisero ad 000111
10110 10110, ohe, si li 10111000 1010110110 11Ν10010, 11 10-
11000 110 011110 111110. Ε 11 1101111011 01010100 01 11010 110110
‚e insieme 000 10 00010110 10 1001010 01 11010001; 011110·
10001 000 1111010010 1010 010010. Νο11101000001111110111001
1100000010 Viglianello 0110101000. Νο1 11010 000011 11101-
hesi 0010100100 10 quello 11110100100 0100001οο grandissima
preda di animale e di 01100100οἻ 0 00000100 001 quello 11
1000000110. 111000000010111010 000110 0 11 1110111001, 010100
1101100110 insieme, 010100 01011011 11100000οο1 0 morti 00
111111111311111111111111110111111111
000 0011010 11 0001001100, 0 10000111 0180110. Li 1111011001
10100010 11 10110 0101010 0100 0180110. 111 00001010 di
Roma² oon gran 0000100 010110010 000111011001001-
guamo 101101 00νο11011, 0 10000111 01101000 01110001, 0
1000111 010000 000110 00000010.
· Αο001010101,01000011ῑί11.1010000110111101000101111010ιι 1
0001 111000111110111001000 10 00000100 1101010. 10110
0001000011110010011000011100111010010001 111110001111111010.
Anno 1010101010001001111110111001 0011010001 01001010
10 quello di (1010010Ἶ 010100 1101100110 0010001011 0001011-
. 10110, 0 10100 0000101011001001001, 01000010 00001 01101001, j
01000100 01 000101000110010010 0 000100110 00110 0111000
11 000010 1010010. Nol 11010 0000111110111001 0010100 01
010010101000000110, 00010010 10 1100 010 00110, 01010010
10 011011 10110 11010 00110, 0 0101101110 01 000111001010 001 ,
000101000 10 mano, 0 10000100 100111 01101000 010 0111010
0110000100 0110 10110 11 1101100 3010000000, 0 11 0001111010
111111111111111111111111 1111111111181 '⁹⁰³⁸
Ι Αο00 domini 1000111101111110111001 0010100 01 01100100 0
0110, 0 01011010 gran quantita di 011001001 0 1100110011. Eme·
nando 10 11010 01010 verso 10 00000010 000 00000 001110
sumo 0110011011· 11 111101110οἰ 10 01101001, 0 110000011100110110
10000101101101001 010 0101οἺ 0100110 via verso 11110110.
Anno 1010101 1000000111. 00 00111100 10111011010100010
11010100 101100 cavallo 0001011010010100 01 01011010 111101ιι

1) 11 110 0100111111. 2) 100 10110011101 000001110100. ³) 0000011110.

 

