16111311.. 11

[1111] nene-1⁶³2. &ztan-449. Aunh 1111 01111111 111
1111111111 111111 1111 11 1111111111 11111111 11111111 [11111111 notin.
thrseheinlinh 111 111 1111111111111 1111111111. gemacht, welche
1111111111 Archiv 1111 1111111111 (11111. 1111111111. Neue Fulge 1,
Ι352 11111 111111111111111111 11111111111 111 111 1111111111
1111111111111111 11111111111. 11111 1111111111 11 1111111111 11111111 1111 -
1111111111 11 11111 11111 1111111111111111 1111111111111111111
1111111111 111111, en 1111111111111111 in 1111111111111111.
11111111 111 (11111111 11111111 1111 1111111111 1111111 111111, 11111
111111, 111111111111, 1111484, 11111111 111111111111111111111 111111-
zenig niedengenenriebenen 1111111111111111111, 111 111111111521 .
-1516 111 1561 1111562 1111111111. 11111111 111111111111

11111111 11111 1111111 1111 1111111111 111111111111111 11111111

1111111111111111 111111111 1111111, 1111111111111111111111111ς 111 ·

1111111111 111 (11111111 111111111111111 11 111111111111111 11-
11111111111111111111 1111111 1111111111 111111. nis 1338 eun*
1111 01111111 nbgenehen 11111111 notin 1111 111 1111111111111111-
1113 1111111111111 111113901111111,1111 11111 1111111111111111
11111111 11111; 111111111111111111 11111 genn weggelnssen und ,
111 133811111111, 111 11111 1111111111 11111111 111, 1111111
11111111 1111 11111 11111111111111111111111 11111 11111111
111 11111111 diesem 1111111111. 11111111111111 111 1524-1562
111 11111111 11111111111111 1111111113 1111111111 111111111111 111111-
1111111 1111111111 111111111111111111 111 1111111111111111111311
1111111111 111111111111 religion, wohl einen-Fennkfnrlen geist-
liehen. 11111111111111 1111111111111111111 1111 111 11111111111
11111111 11111111.

11. ,11111111111111111111111111 1111-1191. S. 449. „Von-
111111111 111 dem ersten 111111 1111111111111111[11111131111111-
111111111111 1111111111 resp. 1111111 1111 111111111111 11111111
11111111 Ν1111111111111111 11111 11111 111111111111811111 11111
111111111111111 1111 1111111111311 11111111. 8111111111 1111111 11-
11111111111 111 nnmerkungen und 1111111 111 ,,111111111, 11111
111111111111, 11111111111111111, 1111111111111““ 1111111111.α 11111111.

11111111111111111111111111 in 11111111 1191 mo. S.
4111111111 11111111111111 1111111111111111111111111 1111111111-
111111111111111131111111111. 3111111697111. 1, 4231. „Eine
1111111 pergamen gesnhniebene nnn« 11111111 1111, ,1111111111
kirchen (11111111111111111 Mnrbnng) 1111111111 1111111111 111111-
111111111111111111 1111 anderen 1111 1111111111 1111111111 3111111111
11111111 1111111111111 vorzeit 18271. 333 11111 einzelnen 11-

 

