Ι1011181111. XLV

111111 1416111111111 11111111111111111 coinon 11111 1111111-
11111 1111 111 pemmoni, 111 historischen onichino 111 papien von
’111111111111111111 geechrichen 111 11111111 ersten 1111 11 11-
11111111, 111 111111, sehr weihiiiofige‚ 111111111111111111. 111
111 1111111111, 1111 31111111 11 11111111111111111 hiterihhniern
111 heseningen hcine erwnhnnng 1111. Noch in 1111111 1111
1111111181111111111111111 111 11111111111 811111111111 1843 „cine
1111111111111111111111 1111111, 1111111111 11111111 1111111111 11
111 11111111 111111 111 14111 111111 11115.111111111111 ge- ο
1111111111 111111 1111111111111111111111, 11111111111111 111111-
1111 1111111111111, 1111111111 nogenneugen niedengeochnieben‚
cuono (1, o). 111111 desselben confessore 6111111111 11181111
hicine 2, 476 11111 ,111 1111111111 111111111111111, 1111111 111
1111111111, 111 111 1111111 14, 111 11 1111111111 111 111111111-
11111 11111111111111 11111111 11111, 1111111111, von einen 111111
111 nnn 1111 1478 fungosam - VergIeicht 1111 111 1111111,
welche 1111111, 31111111 111 811111 111111 11111111 1111111111,
theiis wenigntcnn 111111 1111111 1111 11111111 111 welche 11111111
1111111111111111111111111, 11 1111111111 men 1111 1111, 1111
111111111111111111111111 1111111111111111 1111111111111111 111111

1111111 11111111111, 11111111 dies nicht 111 1111 oon, 1111 11 ·

ihren 1111111111 11111111 quelle 111111111111111 eoigcnommen 1111
nosne. 11111111 111111 111 1111 1111 1111111111 11. 1111111111 111 ’
111 1111111 8111111. oie 0111111111 11111111 111 1111111 11111111
1111478, 11111111 111 11111111111111 1111111 Schiche 111 1478
1111111111 111. 111111111111111, welche ioannis-und 8111111111-
cheina, 11111111 1111111111 111111111111111111111111111, wie 11-
1111 anagnie 1171311111 38711111. 111111111111 stimmo 1111
31111111 chronicon Mogontinnm 1111111111 111 11111111 111 1111111
(1372 1111111 1111111), 111111 mii 1111111111 8111111 (p. 369.
311371) 11111111 1111111. 1111111 11111 1111111 1111 3111111111
11111133 1111 die'iiheingnnischcn 111111111111 1111 11111-
111111 11111111 (1484-1504) 1111111111 11111111, 1111 1111111114
ennhge 11111111311111111 hohen 11111, 11 1111 81111111, 11111
11111111111111 11111111 1111111, 1111 11111 1111111111. 1111111
, 1111111111. 11111111111111111111111111 nwoi 111111 111111,
1111111111 111111111111111 1111111 11111111 notoni 1111111111111111.
Dan 1111111111 geschichte 11111111111111 1111111111111381-
1389, welche 31111 1111111111 8111111113 nngedrochier 81111111
111-417111 11111 1541 1111111111, 1111111 religionis 111-
111111111111 111111111 p. 1111-1131 11111111111 111 111111111

 

