1111 1111111. ·

funden 11 1111111, 11 1111 11111111 111111 111111 111111 1111111111. ·-
Ein iungeres 11111111111 1111111111 1111111111111 bei 1111111111
(11111111. 1111111. 3, 833-835, 1111111 11111 111111111111111111111
13, 111111111111111 ohne 1111111111111 111111 11111 1111111111 (111111
Τε111111111111111111) im [1111111111111111 1, 417-424.

11. 1111111111111 neo-rotomum 1111111111111. 11-111. S.
146-148. ,1111111111 1111 11111111 111 11111111111111111111 111
011111111. 1111111111111 11111, 111 pergament, 111111 1111111
1111111111111111111111 111111111111. 111 11111111 1111111, 111111
111111 11111111 1111, 1111 111 1111111111, 111111 1111111 1111111111·
1111111111 1111, 111111111111 11111111, 11111 1111 1111 1111111111 1111
11111111111111 1111111111 1111111 dem 11111111, 111 11111111. 19-
1111111111 111 11111111 11111111 1. 111. (0.111111111 11111111 111
(111111111111 11, 788) finden sich in 111111, 111 11111111 111 111.
18541111111111, 111111 11111111111 1111111 vom 1111111281 111111
111 111 111111111111111 111 1111111111, 111 1111111 11111111 1111
1111111111, 1111111111 11111111111111111 81111111 1283.

11. Romanum 1111111111 sanblasiano 111. 11-11.
s. 148-149. Dieses fragment 1111111111 sich 1111111 11111111 111 “
111 1111111 einer 111. 1111111111 11111111111111111 1140111 einer
111. 111 Wiener 11111111111111111. 9, 111 11111111 1111181. 81111111
11111111. 1111 11111111 111111 1111111111 1111 1111111111111111111111
61111. 1111, philol. 111111. p. 134. 8111111111 111 diesen 1111111111
1858111 dem original 1111111. [1111111111111111111111111111111
1111111111 1111111111 11 111 111111 1111111111111111 111111111111
811111111-81111111858-9. wie 1111111111 11111111, 111111 111 11- ¹
1111111, 111111111111 11111111 111 11. 111112. 111111111111 11-
111111111 111,1111111111111111111 111111 werna, dem 111111111111111 ,
St. 81111111 (11068) 11111111, 11 111 11111 11111111111111 111111- 1
11111, 1111111111 1111 ersten 1111111, 11111111 111111111111 111111, 1
11111111 1111111111 111 111111 111053-6), 11111111111111111111111111 1
111 1111111111 1167) 111. 2

13. 1111111111 Ν1111111111111111·11111111 1171-1350. S. 1
149-276. 1111111111 11111111 1111111 1111111 1111111111111111
111 1111 zu 111111. Die 1111111111 111 11111111 1111111111 111111
11111111. (Β), 1111 111 1111 1111111 111 11111 11111111111111111
11111111 (1111111111111 11 111111,· 1111 111 11111111, 1632 mit 111
11111111111111 11111111- 111 111111111111111111111111 11111 111 11111111
11111111111111111 1111111111, wo 111111Ν1. 260 1111111111 111. 11111111
1111111111 111111 11111 111. 111 111111 1770 8111111 (1111111111 1111.
Rem. 2, 516-548, 11111111 11111111 1111111111111111111111, 111 ¹

 

