XXXIV vodnssuss.

1111111111 111 111111, 111 1111111111 81111111111111111, 1111111111

111111111111111 111111111111111 (proni 11111111111111111111111 ,

pertinet), 11 1111111111 1111111111111111111111111111111 missen,
1111 dies 1111344 1111111111 111, 111 111111 111111111111 111-
1111111111 1111 1111111111 111111 - 1111 11111 1111111111 111-
11111111111 1111111111 111111 1111111 1111111111 11111111- 111111

1111111 11 nieht 111111111111111, 111111111111111111111 der 1111-
111111111111 111111 111 1111111111111111113471111211111

11111 11 dieser 11111 11111111111111111. 11111347 1111-134811111111 1

111111. 194111 1111111 iiber Wridemer 111 31111111111, 1111111
11 1111111, 111111 'dinen 28 1111111111 1111111 1111 (i 1319 111. 14)
111111, 1111 1111111 ieie, ¹eirr 1111, 111111 111111111111111
1111111111 111 11111111 111111111111111111111 1111111. 1111111204
111111111111 Karalus, qui 11111111111111111111111111, 11111111
sororem Philippi 111111111111111 uxerem . . . 11111 (iliam 11111
31111111)111111111111111 1111111111 ipsius 11111 1111111, die
1111111111 11111111 11111111ιί1111, 11111111111111111 1111 tede
beider irenen (1111111111111 1348111. 1, 111111111 91111. 11)
1111111111 111, 11111111 dieser 111111 1111111111 11 11349111-
11111111111. 11111111 dieser 11111111 11111111 mir 111111 1111111, 1111111-
11111 111111. 24811111111111 1111111 Philippi 111111111111111111111
.. ,1111111111 sororius. 3111111111 p. 236 11111111 sororem
(11111 1111111111) 111111111111, 11 kern 11111111 111111 1111111
11111 1349 1111111111111111, 11 1111111111 8111111 noch 11 diesem
1111111111 111 Philipp vi im 111111 1350 11111 1111 8111111111
11111111 1111111111. 1111 11111151 1111 1111111111 p. 248, wo 11 111
lieri iv ireiesi: 111 1111111111Ιί regis [111111111111111 1111111
111111111111ς 11311111111011111111111 111 1111 1348 sich 1111
11111111111131111111 1111111111, die 11111111 1111111111 11111349
111111, sd dieite die 1111111111 111111 11111111 1111111111 diese beiden
1111111111 111111.1 In 111 1111111 11111111 111 11111111 1111111111
111111111111 111111111111111111111 1111111111111111 11111 1111111111
1111111111111. So 11111 1258111111 111111111 111111111111111-
11111 111 11111111 1349 111. 18 1111111111, p. 2721111111111111-

' 111111111111 111 111 11111111111111111.1.111 11111111 111

111111111111111111, 1111111 11111111 1111111111111, 1111111111111111
1111111111, 111 1111111 1111111111 1353 111111111, 1111 1111 111

1))11111 1ο 11111 grinde 11111 1111111111, 1111111 11111111, 1111111 111
111 1111111111 bis 1111 1347 1111111111, 111111 11111 13491111111111, 11
11111 med 111111111111111 111111 111 11211111 sehon heim 111111 1345
111 1111111111 11111111 111 1111111111 1111111 11111 Wiiheidrs 1111
11111111 (1352) 1111111111 11111, 111111 111 11111 1111111 111111 helien 111111.

 

